71
45
9
81
10
79
77
95
91
40
26
86
30
98
80
25
35
99
50
19
69
56
28
28
81
29
96
54
39
72
42
34
33
91
31
41
28
79
46
40
49
23
98
88
61
71
13
3
42
44
99
68
97
73
0
97
64
18
27
0
20
4
58
3
33
28
47
81
91
90
74
23
62
72
34
84
30
79
2
81
16
62
40
56
80
78
4
35
63
27
20
65
75
37
81
22
18
41
34
1
76
39
72
40
81
77
81
12
74
31
99
10
25
63
81
81
44
95
14
9
99
73
82
25
78
19
81
58
45
98
15
21
19
97
58
8
22
3
31
60
25
65
44
54
30
73
67
32
39
12
41
87
79
59
62
52
85
39
52
16
36
30
35
49
36
98
7
70
74
13
41
86
95
11
29
58
6
40
90
18
42
22
48
30
91
67
91
86
70
71
20
35
17
50
9
69
22
69
94
62
68
4
31
25
11
44
14
25
41
74
93
33
17
72
41
69
28
54
58
7
63
73
75
35
64
30
86
4
66
3
97
33
32
0
12
13
19
99
35
76
95
25
93
54
87
29
99
93
61
40
14
46
70
56
59
21
31
33
94
88
56
22
59
87
27
64
17
1
29
39
24
58
13
21
93
13
78
95
90
81
6
8
80
25
57
8
34
68
0
16
72
63
36
96
48
70
47
21
81
31
34
9
85
39
94
36
66
17
56
34
61
81
67
91
72
50
52
50
99
57
54
11
52
2
70
43
3
93
70
35
29
93
65
18
51
96
34
48
27
80
98
12
14
38
89
16
73
30
21
36
74
11
54
29
91
41
93
53
38
29
68
53
44
12
76
59
60
44
13
61
25
9
16
86
24
72
83
44
35
86
2
44
54
31
22
83
77
36
78
25
80
60
55
68
51
53
5
26
89
12
4
36
23
51
93
65
27
37
9
11
36
56
20
49
81
48
64
28
89
47
93
20
57
93
53
84
85
10
77
1
67
47
26
5
2
40
26
68
95
19
88
68
29
33
19
47
58
70
35
46
95
18
58
8
85
33
61
92
75
12
83
75
52
78
28
40
9
10
55
95
0
26
11
21
40
93
99
14
57
82
64
11
5
61
4
62
96
67
64
17
57
15
41
84
21
4
60
0
57
14
72
62
58
73
78
63
93
8
47
98
66
59
62
27
88
80
40
91
14
4
56
23
50
66
85
97
43
37
28
90
34
92
21
89
49
36
53
25
51
53
8
71
73
25
89
55
70
78
54
78
71
87
75
21
26
39
84
92
8
82
27
38
27
0
85
92
29
80
77
1
51
46
54
90
90
17
9
15
35
37
82
3
75
40
65
60
30
49
62
7
22
6
18
95
24
62
21
96
22
44
97
92
48
82
49
86
13
59
99
67
50
7
8
82
26
24
64
51
42
43
67
81
31
93
36
98
6
46
13
48
92
76
69
37
15
52
44
55
86
81
2
30
16
74
35
31
17
30
46
31
49
79
54
90
21
16
33
58
65
80
77
96
56
69
25
9
27
1
89
73
21
1
74
81
9
96
40
35
86
19
42
24
3
99
68
54
94
63
97
8
88
56
1
8
20
27
98
36
73
26
10
20
54
59
83
71
23
46
39
20
18
90
49
62
41
12
93
33
24
41
29
72
0
1
24
84
1
56
63
45
61
53
64
24
97
94
58
97
61
4
96
60
85
76
57
72
91
86
97
76
33
90
68
58
56
45
95
40
43
78
8
45
5
75
6
66
58
94
18
71
45
82
78
34
91
91
12
87
36
69
88
29
55
66
42
53
32
58
34
29
95
13
62
8
8
56
22
4
81
88
75
57
83
0
30
82
97
50
10
38
25
33
81
50
65
46
71
14
46
38
56
97
43
84
28
1
12
76
94
56
94
39
10
54
44
10
28
64
57
34
93
47
17
50
61
2
39
38
68
48
43
55
19
74
8
3
50
25
5
31
63
5
26
8
6
43
40
59
44
89
89
77
75
47
61
40
12
81
96
12
76
24
78
2
21
47
99
71
37
36
0
52
37
67
35
46
31
27
26
49
54
27
55
7
39
37
28
99
98
23
62
59
83
10
69
59
67
16
10
7
99
85
9
33
91
71
98
69
17
43
94
90
5
36
64
95
58
91
79
90
2
24
56
0
34
57
84
62
1
37
50
96
14
93
39
65
63
51
28
62
25
63
90
52
78
3
49
29
50
18
10
87
21
61
10
65
56
26
4
71
34
91
20
9
86
36
47
99
87
69
83
56
74
18
39
53
49
24
8
30
